0,0
0.1577937752008438,0
0.1252259910106659,0
0.1466902196407318,0
0.132550448179245,0
0.17666137218475342,0
0.12077853083610535,0
0.1643744260072708,0
0.6919940114021301,1
0.158488929271698,0
0.9754499197006226,1
0.1802394986152649,0
0.2577773630619049,0
0.1999760866165161,0
0.9849344491958618,1
0.1328296661376953,0
0.27783143520355225,0
0.1418381780385971,0
0.15916293859481812,0
0.1842220574617386,0
0.14668592810630798,0
0.19931480288505554,0
0.16382788121700287,0
0.9783869981765747,1
0.14776065945625305,0
0.40737026929855347,0
0.11799287796020508,0
0.16478489339351654,0
0.18234531581401825,0
0.1113099679350853,0
0.15093573927879333,0
0.23955921828746796,0
0.11716599017381668,0
0.16479478776454926,0
0.15056365728378296,0
0.15217022597789764,0
0.13787035644054413,0
0.3755090534687042,0
0.15934842824935913,0
0.11691788583993912,0
0.15724146366119385,0
0.16155333817005157,0
0.1382022351026535,0
0.8452576994895935,1
0.13741931319236755,0
0.162965327501297,0
0.40435951948165894,0
0.18295197188854218,0
0.13630692660808563,0
0.18559421598911285,0
0.10903915762901306,0
0.18434883654117584,0
0.14309903979301453,0
0.14849872887134552,0
0.9615381360054016,0
0.11591208726167679,0
0.14620283246040344,0
0.14613820612430573,0
0.15426605939865112,0
0.13132978975772858,0
0.12981127202510834,0
0.23111671209335327,0
0.1253640353679657,0
0.12314297258853912,0
0.1056128591299057,0
0.13749074935913086,0
0.13601526618003845,0
0.1480688452720642,0
0.10267886519432068,0
0.1398146003484726,0
0.1363121122121811,0
0.1374397724866867,0
0.14523325860500336,0
0.2629483640193939,0
0.12709400057792664,0
0.1508675068616867,0
0.12624821066856384,0
0.1555473357439041,0
0.1363769918680191,0
0.1627521961927414,0
0.13244162499904633,0
0.21407027542591095,0
0.11971845477819443,0
0.13005562126636505,0
0.1337275207042694,0
0.15549835562705994,0
0.18519197404384613,0
0.36674949526786804,1
0.10676629841327667,0
0.15115760266780853,0
0.13892969489097595,0
0.13432826101779938,0
0.97406005859375,1
0.1573871374130249,0
0.36601313948631287,0
0.14114713668823242,0
0.1472170054912567,0
0.12114565819501877,0
0.5845610499382019,0
0.15828508138656616,0
0.1391778588294983,0
0.1249615028500557,0
0.1920788437128067,0
0.11807776242494583,0
0.1535472422838211,0
0.15555652976036072,0
0.1308155655860901,0
0.11886882036924362,0
0.12822510302066803,0
0.1433383822441101,0
0.16351166367530823,0
0.2734591066837311,0
0.16596025228500366,0
0.15691818296909332,0
0.11377926170825958,0
0.13243067264556885,0
0.13262875378131866,0
0.13148681819438934,0
0.18825970590114594,1
0.1502947062253952,0
0.9698957800865173,1
0.14845320582389832,0
0.926027238368988,0
0.1585972011089325,0
0.1349320411682129,0
0.1388675421476364,0
0.1273907870054245,0
0.9867016673088074,1
0.13304652273654938,0
0.10059233754873276,0
0.15693220496177673,0
0.3034260869026184,0
0.14961610734462738,0
0.16961850225925446,0
0.1508760154247284,0
0.1497766375541687,0
0.29128512740135193,0
0.1997239887714386,0
0.10621891170740128,0
0.9665115475654602,1
0.13020163774490356,0
0.12857528030872345,0
0.14246498048305511,0
0.15351463854312897,0
0.14148475229740143,0
0.12279411405324936,0
0.1557992398738861,0
0.26430049538612366,1
0.12489353120326996,0
0.12778602540493011,0
0.14669227600097656,0
0.15639576315879822,0
0.14715184271335602,0
0.14241528511047363,0
0.14533507823944092,0
0.4354656934738159,0
0.1433686763048172,0
0.19054482877254486,0
0.13759753108024597,0
0.9831337928771973,1
0.15729519724845886,0
0.10681846737861633,0
0.13496990501880646,0
0.11887811124324799,0
0.2676679790019989,0
0.12011776119470596,0
0.9810864329338074,1
0.9728305339813232,1
0.10440737754106522,0
0.25759971141815186,1
0.20976366102695465,0
0.13747842609882355,0
0.13074922561645508,0
0.18305198848247528,0
0.14793331921100616,0
0.14157746732234955,0
0.16171789169311523,0
0.11588623374700546,0
0.18305522203445435,0
0.13228517770767212,0
0.2322572022676468,0
0.12837909162044525,0
0.8396198153495789,0
0.19413752853870392,0
0.15089792013168335,0
0.1647442877292633,0
0.15673679113388062,0
0.8771070837974548,1
0.1759616881608963,0
0.13387413322925568,0
0.1990746408700943,0
0.9637951850891113,1
0.2567387521266937,0
0.978686511516571,1
0.14321091771125793,0
0.17069503664970398,0
0.1622149795293808,0
0.1361321657896042,0
0.25021764636039734,0
0.10428756475448608,0
0.9782738089561462,1
0.1397956907749176,0
0.1444014459848404,0
0.17906202375888824,0
0.14828935265541077,0
0.12900814414024353,0
0.1422061324119568,0
0.12498947978019714,0
0.23862573504447937,0
0.18994276225566864,0
0.14567463099956512,0
0.1382920742034912,0
0.22295406460762024,0
0.22023162245750427,0
0.13665910065174103,0
0.12670545279979706,0
0.13309825956821442,0
0.2206774204969406,0
0.14102979004383087,0
0.13305220007896423,0
0.9757055640220642,1
0.1806057244539261,0
0.14431102573871613,0
0.14887148141860962,0
0.12671194970607758,0
0.13954640924930573,0
0.4790332317352295,1
0.13391733169555664,0
0.16874568164348602,0
0.1432853639125824,0
0.15079817175865173,0
0.15994985401630402,0
0.13996551930904388,0
0.1256835013628006,0
0.1289101392030716,0
0.141520693898201,0
0.14464209973812103,0
0.13688308000564575,0
0.13760152459144592,0
0.16275350749492645,0
0.1759311854839325,0
0.15991143882274628,0
0.20122197270393372,0
0.14667144417762756,0
0.13878563046455383,0
0.9353376626968384,1
0.10084802657365799,0
0.2575487196445465,1
0.13189250230789185,0
0.14396241307258606,0
0.14583076536655426,0
0.2580569088459015,0
0.12660418450832367,0
0.138342946767807,0
0.1495702862739563,0
0.9823259115219116,0
0.16029790043830872,0
0.14400476217269897,0
0.14906473457813263,0
0.972675085067749,1
0.1623423993587494,0
0.1351349651813507,0
0.6774670481681824,0
0.058419737964868546,0
0.12739257514476776,0
0.16413885354995728,0
0.13848085701465607,0
0.13938573002815247,0
0.13209910690784454,0
0.10239254683256149,0
0.15126150846481323,1
0.12011328339576721,0
0.13321392238140106,0
0.20565791428089142,0
0.16102449595928192,0
0.14738909900188446,0
0.1406443864107132,0
0.14262117445468903,0
0.15761412680149078,0
0.22120222449302673,1
0.15170840919017792,0
0.14678993821144104,0
0.15506131947040558,0
0.08745205402374268,0
0.12253424525260925,0
0.12437640130519867,0
0.15998917818069458,0
0.13059012591838837,0
0.1669381856918335,0
0.23884418606758118,0
0.14905723929405212,0
0.15088991820812225,0
0.9773300886154175,1
0.10277031362056732,0
0.13700881600379944,0
0.11627750843763351,0
0.1414586752653122,0
0.22656723856925964,0
0.17346340417861938,0
0.1323172003030777,0
0.13801555335521698,0
0.39714181423187256,0
0.9816381931304932,1
0.17285923659801483,0
0.10219041258096695,0
0.14319564402103424,0
0.17762455344200134,0
0.13758286833763123,0
0.13032111525535583,0
0.14750227332115173,0
0.13054445385932922,0
0.1234118714928627,0
0.16993577778339386,0
0.13735394179821014,0
0.19296520948410034,0
0.12403048574924469,0
0.13520891964435577,0
0.13874846696853638,0
0.1735581010580063,0
0.14775653183460236,0
0.13694192469120026,0
0.14378008246421814,0
0.159354567527771,0
0.1467633992433548,0
0.13165050745010376,0
0.9778596758842468,1
0.1309216320514679,0
0.12802250683307648,0
0.2285904735326767,0
0.1379963457584381,0
0.9856106638908386,1
0.14646726846694946,0
0.25333210825920105,0
0.9663166403770447,1
0.1373729258775711,0
0.3143714964389801,0
0.12967351078987122,0
0.12913726270198822,0
0.15643350780010223,0
0.14038346707820892,0
0.7366132736206055,0
0.14025329053401947,0
0.1428217887878418,0
0.0893234834074974,0
0.12458863109350204,0
0.13289618492126465,0
0.17906220257282257,0
0.17817752063274384,0
0.14630833268165588,0
0.13877815008163452,0
0.15186521410942078,0
0.15672041475772858,0
0.13831450045108795,0
0.1072968989610672,0
0.15339884161949158,0
0.23032498359680176,0
0.18322134017944336,0
0.14568625390529633,0
0.19705228507518768,0
0.17885911464691162,0
0.22259409725666046,0
0.20917019248008728,0
0.1521173119544983,0
0.13457712531089783,0
0.14041967689990997,0
0.14287681877613068,0
0.17189300060272217,0
0.13522130250930786,0
0.11467049270868301,0
0.1647603064775467,0
0.15157775580883026,0
0.16494914889335632,0
0.12947553396224976,0
0.14179018139839172,0
0.14628742635250092,0
0.10626093298196793,0
0.14576341211795807,0
0.12913037836551666,0
0.18034566938877106,0
0.18399810791015625,0
0.16287188231945038,0
0.14074869453907013,0
0.27413123846054077,0
0.14174699783325195,0
0.15007364749908447,0
0.16027294099330902,0
0.6729794144630432,0
0.13738559186458588,0
0.142070472240448,0
0.1766393482685089,0
0.14405326545238495,0
0.12974242866039276,0
0.27492716908454895,0
0.9470617175102234,1
0.126503124833107,0
0.1369185447692871,0
0.15987366437911987,0
0.14248403906822205,0
0.16692635416984558,0
0.14021266996860504,0
0.13194088637828827,0
0.9678372740745544,1
0.3021964430809021,0
0.1290251910686493,0
0.1511668860912323,0
0.15690571069717407,0
0.1500653177499771,0
0.14105387032032013,0
0.4162079095840454,1
0.09262166917324066,0
0.1769576072692871,0
0.14173421263694763,0
0.15833376348018646,0
0.1498223841190338,0
0.20970645546913147,0
0.18650466203689575,0
0.12167396396398544,0
0.18721625208854675,0
0.10809610784053802,0
0.15083301067352295,0
0.12125890702009201,0
0.8079071640968323,1
0.1887959986925125,0
0.9826648831367493,1
0.1315029412508011,0
0.3145802319049835,1
0.17036262154579163,0
0.1447477489709854,0
0.19022852182388306,0
0.139601469039917,0
0.4244190454483032,1
0.18507379293441772,0
0.14175885915756226,0
0.9154458045959473,1
0.06697647273540497,0
0.1450222283601761,0
0.1597958207130432,0
0.1309381127357483,0
0.1308550238609314,0
0.15068866312503815,0
0.9841083288192749,1
0.15216200053691864,0
0.1446477621793747,0
0.2123997062444687,0
0.20943157374858856,0
0.2911760210990906,1
0.1375686228275299,0
0.15212668478488922,0
0.17930926382541656,0
0.14623534679412842,0
0.1255263239145279,0
0.19232872128486633,0
0.14930927753448486,0
0.204805389046669,0
0.14532752335071564,0
0.13844121992588043,0
0.14660556614398956,0
0.1598818153142929,0
0.24180550873279572,0
0.1243201494216919,0
0.15812334418296814,0
0.1292574554681778,0
0.7948508858680725,0
0.12669312953948975,0
0.20900964736938477,0
0.9686303734779358,1
0.16912658512592316,0
0.23630252480506897,0
0.9742029309272766,1
0.1373273879289627,0
0.15205217897891998,0
0.13559113442897797,0
0.14946076273918152,0
0.12897075712680817,0
0.12275558710098267,0
0.16242823004722595,0
0.1310887336730957,0
0.16982397437095642,0
0.12295054644346237,0
0.16741162538528442,0
0.11975031346082687,0
0.14844241738319397,0
0.17116348445415497,0
0.15481603145599365,0
0.979249119758606,1
0.16958002746105194,0
0.17497412860393524,0
0.9855664372444153,1
0.11536787450313568,0
0.967720627784729,1
0.1464674025774002,0
0.13655681908130646,0
0.9840027689933777,1
0.19520126283168793,0
0.16512742638587952,0
0.09873587638139725,0
0.14951325953006744,0
0.11223907768726349,0
0.1905510425567627,0
0.17515428364276886,0
0.14060775935649872,0
0.14417986571788788,0
0.13819971680641174,0
0.14917941391468048,0
0.16592450439929962,0
0.1741046905517578,0
0.14921711385250092,0
0.11482670903205872,0
0.1396767646074295,0
0.1646161824464798,0
0.15056560933589935,0
0.38408389687538147,1
0.13731621205806732,0
0.1163526400923729,0
0.14991548657417297,0
0.1491280049085617,0
0.12777113914489746,0
0.13932734727859497,0
0.17027464509010315,0
0.13810110092163086,0
0.1428643763065338,1
0.15799199044704437,0
0.17278681695461273,0
0.1316189020872116,0
0.13947097957134247,0
0.13358542323112488,0
0.9584200978279114,1
0.10344409197568893,0
0.12872342765331268,0
0.14471475780010223,0
0.12890666723251343,0
0.09501480311155319,0
0.14653654396533966,0
0.14780953526496887,0
0.19582509994506836,0
0.9846665859222412,1
0.17600736021995544,0
0.10335835069417953,0
0.09346798807382584,0
0.11708171665668488,0
0.13215334713459015,0
0.19335311651229858,0
0.12207040935754776,0
0.12966115772724152,0
0.14350134134292603,0
0.1510034054517746,0
0.22970086336135864,0
0.16117987036705017,0
0.09457997232675552,0
0.11598258465528488,0
0.1469702273607254,0
0.136830136179924,0
0.10951165854930878,0
0.22143800556659698,0
0.14601582288742065,0
0.10053586959838867,0
0.14364324510097504,0
0.1531316190958023,0
0.13015323877334595,0
0.9805677533149719,1
0.9357640147209167,1
0.14255766570568085,0
0.14292223751544952,0
0.14754778146743774,0
0.16928625106811523,0
0.12342114001512527,0
0.16311438381671906,0
0.1755841225385666,0
0.13847848773002625,0
0.16300030052661896,0
0.14837102591991425,0
0.15520574152469635,0
0.9852228164672852,1
0.1594686508178711,0
0.12163210660219193,0
0.10040510445833206,0
0.13689588010311127,0
0.12712830305099487,0
0.1275571584701538,0
0.16289395093917847,0
0.3092997968196869,0
0.1541011929512024,0
0.2935051918029785,1
0.9509100914001465,0
0.1808207482099533,1
0.10917919129133224,0
0.15785835683345795,0
0.1600603312253952,0
0.1836024820804596,0
0.12369970977306366,0
0.24487976729869843,1
0.16455258429050446,0
0.1290431022644043,0
0.16041705012321472,1
0.18961606919765472,0
0.13820336759090424,0
0.10605597496032715,0
0.13621702790260315,0
0.18823756277561188,0
0.12368287146091461,0
0.12122002243995667,0
0.13685402274131775,0
0.9771159887313843,1
0.16335174441337585,0
0.12580491602420807,0
0.14687933027744293,0
0.12961457669734955,0
0.5310868620872498,0
0.17925792932510376,0
0.9790884852409363,1
0.15201736986637115,0
0.14852754771709442,0
0.22552195191383362,0
0.8769994378089905,1
0.17992258071899414,0
0.1665312945842743,0
0.11782370507717133,0
0.11184296011924744,0
0.2086581289768219,0
0.13425606489181519,0
0.13218997418880463,0
0.13057677447795868,0
0.17475078999996185,0
0.14514769613742828,0
0.1536325216293335,0
0.1442614495754242,0
0.10586150735616684,0
0.12352241575717926,0
0.1251421421766281,0
0.11010754853487015,0
0.1391952782869339,0
0.1284511536359787,0
0.13150522112846375,0
0.9853280186653137,1
0.1402149647474289,0
0.16251198947429657,0
0.1776876151561737,0
0.11819326877593994,0
0.1562855839729309,0
0.14795616269111633,0
0.13814827799797058,0
0.10005320608615875,0
0.9804608821868896,1
0.1533367782831192,0
0.13161523640155792,0
0.19252723455429077,0
0.1091654971241951,0
0.12608997523784637,0
0.12664176523685455,0
0.1275031864643097,0
0.13812774419784546,0
0.2490064650774002,1
0.14628663659095764,0
0.13799509406089783,0
0.14120379090309143,0
0.12380146980285645,0
0.96793532371521,1
0.635482907295227,0
0.9826332330703735,1
0.15204256772994995,0
0.1516919583082199,0
0.1554051786661148,0
0.1716400384902954,0
0.18826943635940552,0
0.15735994279384613,0
0.9867880344390869,1
0.17692740261554718,0
0.16431114077568054,0
0.15322048962116241,0
0.15738874673843384,0
0.15538786351680756,0
0.13330914080142975,0
0.1400652378797531,0
0.1752663552761078,0
0.16994816064834595,0
0.12898218631744385,0
0.15381143987178802,0
0.14920641481876373,0
0.1435401439666748,0
0.4584873616695404,1
0.15196208655834198,0
0.157608300447464,0
0.15507164597511292,0
0.1417829990386963,0
0.12316862493753433,0
0.12010249495506287,0
0.15570974349975586,0
0.16605108976364136,0
0.15349087119102478,0
0.14396822452545166,0
0.1509920209646225,0
0.13490144908428192,0
0.1371563971042633,0
0.12609142065048218,0
0.17150920629501343,0
0.11596287041902542,0
0.19973474740982056,0
0.9705494046211243,1
0.09262829273939133,0
0.1748434603214264,0
0.12702368199825287,0
0.1613032966852188,1
0.9798170328140259,1
0.1504179686307907,0
0.18835659325122833,0
0.2590714395046234,0
0.1466071605682373,0
0.13606375455856323,0
0.12570999562740326,0
0.16834190487861633,0
0.20566494762897491,0
0.11296945065259933,0
0.5284771919250488,0
0.1336822509765625,0
0.20084047317504883,0
0.12308505922555923,0
0.16809502243995667,0
0.152199387550354,0
0.1570199429988861,0
0.11578920483589172,0
0.9649721384048462,1
0.1212565079331398,0
0.17151378095149994,0
0.13112422823905945,0
0.13696956634521484,0
0.18198058009147644,0
0.14394065737724304,0
0.10981209576129913,0
0.1579056978225708,0
0.23458337783813477,0
0.9841098785400391,1
0.15550881624221802,0
0.12716300785541534,0
0.9780266880989075,1
0.1793290078639984,0
0.1296885907649994,0
0.12100718915462494,0
0.18100622296333313,0
0.13146983087062836,0
0.22628048062324524,1
0.12658347189426422,0
0.14380724728107452,0
0.1381128430366516,0
0.11424265801906586,0
0.13932648301124573,0
0.12655138969421387,0
0.2196255326271057,0
0.16435162723064423,0
0.15081338584423065,0
0.17371635138988495,0
0.13128966093063354,0
0.16254271566867828,0
0.1413736641407013,0
0.14392927289009094,0
0.1456383317708969,0
0.1276065558195114,0
0.14195315539836884,0
0.2135971635580063,0
0.14205960929393768,0
0.1664285510778427,0
0.1743302345275879,0
0.972608208656311,1
0.08164937794208527,0
0.19999922811985016,0
0.1654163897037506,0
0.12206923961639404,0
0.1270275115966797,0
0.6436610817909241,0
0.16854043304920197,0
0.15365636348724365,0
0.15698441863059998,0
0.6537468433380127,0
0.12071189284324646,0
0.1631283313035965,0
0.9800125956535339,1
0.165297731757164,0
0.1474824845790863,0
0.16807420551776886,0
0.176751971244812,0
0.1538601517677307,0
0.30298730731010437,0
0.11968403309583664,0
0.12843620777130127,0
0.1627223938703537,0
0.982395589351654,1
0.13048747181892395,0
0.1520845741033554,0
0.13252389430999756,0
0.21246559917926788,0
0.12234572321176529,0
0.14088508486747742,0
0.1508670151233673,0
0.14024528861045837,0
0.14863266050815582,0
0.11396476626396179,0
0.15857535600662231,0
0.34770360589027405,1
0.15845534205436707,0
0.17485761642456055,0
0.15584532916545868,0
0.12575316429138184,0
0.09119683504104614,0
0.1486833095550537,0
0.31352469325065613,0
0.9885193705558777,1
0.14877444505691528,0
0.9583271145820618,1
0.16050125658512115,0
0.14786390960216522,0
0.16764341294765472,0
0.15240585803985596,0
0.15983818471431732,0
0.17186546325683594,0
0.1373375505208969,0
0.11605485528707504,0
0.3593967854976654,1
0.13763664662837982,0
0.9756270051002502,1
0.12776969373226166,0
0.14713682234287262,0
0.15681445598602295,0
0.22513185441493988,0
0.1701318621635437,0
0.10874497890472412,0
0.1252892166376114,0
0.1555115133523941,0
0.14082826673984528,0
0.14422300457954407,0
0.1267763078212738,0
0.1385069340467453,0
0.1367539018392563,0
0.13330793380737305,0
0.12451598793268204,0
0.13417543470859528,0
0.1543930172920227,0
0.1620294749736786,0
0.12862442433834076,0
0.13292723894119263,0
0.9849734902381897,1
0.15670135617256165,0
0.16050846874713898,0
0.14787374436855316,0
0.13480502367019653,0
0.981600821018219,1
0.15502148866653442,0
0.152962788939476,0
0.13219697773456573,0
0.1458670049905777,0
0.15975528955459595,0
0.11093156039714813,0
0.9857233166694641,1
0.2478986531496048,0
0.13794724643230438,0
0.13732023537158966,0
0.16152746975421906,0
0.17418640851974487,0
0.16535638272762299,0
0.22066375613212585,0
0.16335630416870117,0
0.1626426726579666,0
0.9789366722106934,1
0.2372097373008728,0
0.13571467995643616,0
0.13644655048847198,0
0.15728753805160522,0
0.13968533277511597,0
0.1546751856803894,0
0.17124216258525848,0
0.5016010403633118,0
0.11906589567661285,0
0.1570562720298767,0
0.1614137589931488,0
0.12924621999263763,0
0.15969285368919373,0
0.16033366322517395,0
0.9779340028762817,1
0.14090251922607422,0
0.12512236833572388,0
0.17798921465873718,0
0.9685953259468079,1
0.14282310009002686,0
0.15894965827465057,0
0.13794413208961487,0
0.12871600687503815,0
0.15475285053253174,0
0.2979905307292938,1
0.1525687426328659,1
0.15562410652637482,0
0.1376430243253708,0
0.14265547692775726,0
0.15516340732574463,0
0.14498814940452576,0
0.2220059186220169,0
0.12712304294109344,0
0.17408062517642975,0
0.11887510120868683,0
0.1254504919052124,0
0.1010398417711258,0
0.1138455793261528,0
0.12492608278989792,0
0.1328973025083542,0
0.1593746840953827,0
0.13728518784046173,0
0.12871010601520538,0
0.3249284029006958,0
0.14051179587841034,0
0.16121572256088257,0
0.142637699842453,0
0.13923513889312744,0
0.1358601152896881,0
0.1604592502117157,0
0.14113767445087433,0
0.8257877230644226,0
0.9788558483123779,1
0.9766476154327393,1
0.11106199771165848,0
0.3401002585887909,0
0.2093740999698639,0
0.10654206573963165,0
0.15628553926944733,0
0.17818331718444824,0
0.1972915232181549,0
0.16212700307369232,0
0.1453673541545868,0
0.13693223893642426,0
0.15069293975830078,0
0.12074487656354904,0
0.19962745904922485,0
0.11873339861631393,0
0.17823344469070435,0
0.14803625643253326,0
0.1579793393611908,0
0.1204768642783165,0
0.17040841281414032,0
0.98305743932724,1
0.1445712149143219,0
0.14459490776062012,0
0.1443590670824051,0
0.13164205849170685,0
0.18957218527793884,0
0.1739622950553894,0
0.16535642743110657,0
0.14541147649288177,0
0.12155551463365555,0
0.14892137050628662,0
0.16851498186588287,0
0.09890761226415634,0
0.1417299062013626,0
0.12388280779123306,0
0.2785314619541168,0
0.1552305519580841,0
0.13171645998954773,0
0.14489252865314484,0
0.24822118878364563,0
0.2859679162502289,0
0.17238853871822357,0
0.1532980054616928,0
0.1338692158460617,0
0.13241323828697205,0
0.13949307799339294,0
0.1206621453166008,0
0.15022696554660797,0
0.11042270064353943,0
0.12900018692016602,0
0.17244398593902588,0
0.14197559654712677,0
0.8895454406738281,1
0.1315373331308365,0
0.16287872195243835,0
0.11364735662937164,0
0.14344465732574463,0
0.20677116513252258,0
0.09620100259780884,0
0.24179430305957794,0
0.14644862711429596,0
0.22070540487766266,0
0.1421225368976593,0
0.1456247866153717,0
0.15683382749557495,0
0.9782766103744507,1
0.16170252859592438,0
0.12476255744695663,0
0.16015662252902985,0
0.09998102486133575,0
0.9812524318695068,1
0.16522300243377686,1
0.10140684247016907,0
0.1303287297487259,0
0.9792283773422241,1
0.10656818002462387,0
0.9838347434997559,1
0.14221002161502838,0
0.18158608675003052,0
0.15731386840343475,0
0.16350527107715607,0
0.14583417773246765,0
0.29839518666267395,0
0.12788361310958862,0
0.13616898655891418,0
0.14751559495925903,0
0.10942419618368149,0
0.11796224862337112,0
0.1830315887928009,0
0.13620786368846893,0
0.21855151653289795,1
0.12597709894180298,0
0.1450912207365036,0
0.12694458663463593,0
0.16602014005184174,0
0.14782170951366425,0
0.1407659500837326,0
0.15161870419979095,0
0.17124482989311218,0
0.14498503506183624,0
0.1539989709854126,0
0.159691721200943,0
0.15948112308979034,0
0.9825263619422913,1
0.1364482343196869,0
0.6209816336631775,0
0.1257299780845642,0
0.1975739300251007,1
0.9775216579437256,1
0.16259066760540009,0
0.172631174325943,0
0.14485184848308563,0
0.1458296924829483,0
0.162440225481987,0
0.16355355083942413,0
0.14817489683628082,0
0.13468287885189056,0
0.2392352670431137,0
0.18155065178871155,0
0.17666268348693848,0
0.12665507197380066,0
0.12888899445533752,0
0.19277183711528778,0
0.1312730759382248,0
0.1523510366678238,0
0.12158142030239105,0
0.17041327059268951,0
0.13756994903087616,0
0.5198779702186584,0
0.7530220746994019,0
0.9794374704360962,1
0.17210598289966583,0
0.10464726388454437,0
0.9827575087547302,1
0.11338812857866287,0
0.12325268238782883,0
0.12705443799495697,0
0.15602193772792816,0
0.14325867593288422,0
0.16894708573818207,0
0.14911581575870514,0
0.6916136741638184,0
0.16061164438724518,0
0.13219672441482544,0
0.9805799126625061,1
0.14026062190532684,0
0.14377029240131378,0
0.15896141529083252,0
0.13638414442539215,0
0.13280633091926575,0
0.20276108384132385,0
0.5125558972358704,0
0.12515440583229065,0
0.9780521988868713,1
0.14391714334487915,0
0.16704319417476654,0
0.12834839522838593,0
0.1703532189130783,0
0.15696470439434052,0
0.09945740550756454,0
0.1341363787651062,0
0.1472558081150055,0
0.16059789061546326,0
0.1818709373474121,0
0.13656137883663177,0
0.1770891547203064,0
0.26679518818855286,0
0.10810593515634537,0
0.1326758712530136,0
0.26695603132247925,0
0.10880382359027863,0
0.6540200710296631,0
0.12542924284934998,0
0.13111479580402374,0
0.2346111536026001,0
0.18907423317432404,0
0.12700296938419342,0
0.14224080741405487,0
0.1465371698141098,0
0.14250853657722473,0
0.13649679720401764,0
0.148773655295372,0
0.13129045069217682,0
0.13390155136585236,0
0.18235783278942108,0
0.18808649480342865,0
0.13434985280036926,0
0.15139997005462646,0
0.14187656342983246,0
0.11099651455879211,0
0.08651109784841537,0
0.14676718413829803,0
0.24999848008155823,0
0.12297394871711731,0
0.17893148958683014,0
0.15731576085090637,0
0.9723865985870361,1
0.12354712188243866,0
0.14186972379684448,0
0.16757234930992126,0
0.14026771485805511,0
0.35488268733024597,0
0.1505207121372223,0
0.11372409015893936,0
0.16827745735645294,0
0.13603579998016357,0
0.14332614839076996,0
0.13581618666648865,0
0.17459054291248322,0
0.15559396147727966,0
0.5061519145965576,0
0.15642158687114716,0
0.10649033635854721,0
0.13514924049377441,0
0.17548352479934692,0
0.1491326242685318,0
0.12180311977863312,0
0.09606293588876724,0
0.17910310626029968,0
0.16555938124656677,0
0.14029031991958618,0
0.3311021625995636,1
0.14744114875793457,0
0.14174357056617737,0
0.1307523101568222,0
0.15024065971374512,0
0.14185552299022675,0
0.17649218440055847,0
0.12411068379878998,0
0.2117241770029068,0
0.1198858916759491,0
0.12128391861915588,0
0.9822365045547485,1
0.13713599741458893,0
0.12260232865810394,0
0.16623887419700623,0
0.1275039166212082,0
0.19381371140480042,0
0.18357567489147186,0
0.7230006456375122,0
0.15227174758911133,0
0.13691186904907227,0
0.8436052203178406,1
0.14181195199489594,0
0.11771997809410095,0
0.11607063561677933,1
0.1615516096353531,0
0.9885584115982056,1
0.638092577457428,1
0.2108212113380432,0
0.2667042315006256,0
0.17967601120471954,0
0.17513218522071838,0
0.1428014189004898,0
0.11323095858097076,0
0.15934772789478302,0
0.18492060899734497,0
0.14064711332321167,0
0.5850852131843567,0
0.10733730345964432,0
0.13276101648807526,0
0.16574135422706604,0
0.9703288674354553,1
0.14655256271362305,0
0.13131429255008698,0
0.12711066007614136,0
0.14932453632354736,0
0.1527331918478012,0
0.1628236472606659,0
0.1464378982782364,0
0.9707881808280945,1
0.9766159057617188,1
0.13580422103405,0
0.22408495843410492,0
0.1516725867986679,0
0.12365187704563141,0
0.13591714203357697,0
0.13485080003738403,0
0.13869762420654297,0
0.13057853281497955,0
0.9831566214561462,1
0.15703247487545013,0
0.12966589629650116,0
0.18493011593818665,0
0.10911083221435547,0
0.13247083127498627,0
0.2003629505634308,0
0.1712394803762436,0
0.5848326086997986,0
0.16838914155960083,0
0.1244063451886177,0
0.13504309952259064,0
0.20088717341423035,0
0.1281314343214035,0
0.13748425245285034,0
0.13665573298931122,0
0.14344750344753265,0
0.1376243680715561,0
0.13343696296215057,0
0.3718622028827667,1
0.13580217957496643,0
0.14501377940177917,0
0.12358986586332321,0
0.17268118262290955,0
0.15093690156936646,0
0.13862034678459167,0
0.1322321742773056,0
0.1333654373884201,0
0.14990279078483582,0
0.9160196185112,0
0.11450209468603134,0
0.157188281416893,0
0.47310376167297363,0
0.15456454455852509,0
0.13854871690273285,0
0.17470355331897736,0
0.1921319216489792,0
0.1609775573015213,0
0.9830908179283142,1
0.1070592999458313,0
0.14370976388454437,0
0.10458987206220627,0
0.14317145943641663,0
0.28826695680618286,0
0.9855071306228638,1
0.1554764062166214,0
0.13292904198169708,0
0.25484633445739746,0
0.12493579834699631,0
0.20242059230804443,0
0.15814296901226044,0
0.16021138429641724,0
0.18257160484790802,0
0.14002099633216858,0
0.10297137498855591,0
0.13434098660945892,0
0.13884276151657104,0
0.16612006723880768,0
0.1112227663397789,0
0.16780181229114532,0
0.08625601977109909,0
0.1881544589996338,0
0.15059177577495575,0
0.9651880264282227,1
0.14355169236660004,0
0.14496995508670807,0
0.1592736840248108,0
0.14316301047801971,0
0.14895330369472504,0
0.1036849319934845,0
0.9202997088432312,0
0.13517539203166962,0
0.13664864003658295,0
0.16538044810295105,0
0.216837078332901,0
0.16933780908584595,0
0.1316128671169281,0
0.13283583521842957,0
0.15696971118450165,0
0.1457923948764801,0
0.12214645743370056,0
0.14341285824775696,0
0.14369185268878937,0
0.1304209977388382,0
0.9484314918518066,1
0.11998219788074493,0
0.12891381978988647,0
0.13654445111751556,0
0.1479848176240921,0
0.16316063702106476,0
0.14380083978176117,0
0.12774495780467987,0
0.11981397122144699,0
0.14375682175159454,0
0.2024473249912262,0
0.08336100727319717,0
0.18362875282764435,0
0.13326755166053772,0
0.1352614164352417,0
0.15393756330013275,0
0.21951086819171906,1
0.212263822555542,0
0.1312524527311325,0
0.16271843016147614,0
0.9855709075927734,1
0.1454119086265564,0
0.193940669298172,0
0.13459274172782898,0
0.1297244280576706,0
0.18046124279499054,0
0.14897994697093964,0
0.3097410798072815,1
0.14222857356071472,0
0.13096049427986145,0
0.15361785888671875,1
0.15301834046840668,0
0.17410719394683838,0
0.15132249891757965,0
0.12411116063594818,0
0.3084256947040558,0
0.17323991656303406,0
0.9470385313034058,0
0.08100896328687668,0
0.14773786067962646,0
0.13712015748023987,0
0.15549299120903015,0
0.12686802446842194,0
0.1864745020866394,0
0.17084230482578278,0
0.16129380464553833,0
0.14042411744594574,0
0.13561107218265533,0
0.13142119348049164,0
0.1503463089466095,0
0.14715790748596191,0
0.15737108886241913,0
0.2150212824344635,0
0.13334614038467407,0
0.16368338465690613,0
0.11405177414417267,0
0.12289191037416458,0
0.12487685680389404,0
0.13497251272201538,0
0.11184029281139374,0
0.22141776978969574,0
0.1830413043498993,0
0.11351796984672546,0
0.6048171520233154,0
0.2078578621149063,0
0.14763371646404266,0
0.13402774930000305,0
0.16839352250099182,0
0.1696731150150299,0
0.11670447140932083,0
0.15025125443935394,0
0.13647301495075226,1
0.12485700100660324,0
0.1463468372821808,0
0.13039904832839966,0
0.14059047400951385,0
0.140084370970726,0
0.1353769749403,0
0.16105690598487854,0
0.08149541169404984,0
0.13467475771903992,0
0.09157649427652359,0
0.1716482788324356,0
0.150013729929924,0
0.19377312064170837,0
0.14711014926433563,0
0.15155841410160065,0
0.15958136320114136,0
0.9934813976287842,1
0.13295228779315948,0
0.16254748404026031,0
0.10418261587619781,0
0.10842225700616837,0
0.1141090840101242,0
0.17776450514793396,0
0.16928507387638092,0
0.1492016315460205,0
0.8251110315322876,1
0.13351629674434662,0
0.1445685178041458,0
0.14945586025714874,0
0.16724754869937897,0
0.16373641788959503,0
0.12400101870298386,0
0.14157329499721527,0
0.1381203681230545,0
0.11288651823997498,0
0.13995544612407684,0
0.14172214269638062,0
0.9825789928436279,1
0.9716553688049316,1
0.979343593120575,1
0.13937225937843323,0
0.13185927271842957,0
0.1580536961555481,0
0.14413277804851532,0
0.15321892499923706,0
0.14776988327503204,0
0.12222297489643097,0
0.14132116734981537,0
0.13919426500797272,0
0.1288629025220871,0
0.13476881384849548,0
0.1401991844177246,0
0.13431772589683533,0
0.16814874112606049,1
0.4756750166416168,0
0.12774404883384705,0
0.132828488945961,0
0.13213016092777252,0
0.16963745653629303,0
0.14721517264842987,0
0.15348316729068756,0
0.13224586844444275,0
0.18227975070476532,0
0.13990071415901184,0
0.14397954940795898,0
0.15047109127044678,0
0.17201179265975952,0
0.9129931330680847,0
0.1420126110315323,0
0.15528373420238495,1
0.13040266931056976,0
0.14922268688678741,0
0.13376396894454956,0
0.14032572507858276,0
0.15352286398410797,0
0.1936473846435547,0
0.15464046597480774,0
0.25627678632736206,1
0.12432131171226501,0
0.13500408828258514,0
0.1430846005678177,0
0.12482818961143494,0
0.11844410747289658,0
0.2681257426738739,0
0.1401231288909912,0
0.16011500358581543,0
0.13997912406921387,0
0.11644268780946732,0
0.2376800775527954,0
0.14053314924240112,0
0.1407155692577362,0
0.13613910973072052,0
0.13528870046138763,0
0.1389332115650177,0
0.14712956547737122,0
0.19671493768692017,0
0.15194599330425262,0
0.16639678180217743,0
0.5240404605865479,1
0.1453496813774109,0
0.14463378489017487,0
0.17926815152168274,0
0.14084483683109283,0
0.18683402240276337,0
0.16813047230243683,0
0.15461930632591248,0
0.15287576615810394,0
0.133303701877594,0
0.12279505282640457,0
0.13954831659793854,0
0.1712273806333542,0
0.18584182858467102,0
0.12184755504131317,0
0.19386598467826843,0
0.15760904550552368,0
0.9812745451927185,1
0.112335704267025,1
0.11936962604522705,0
0.1752263903617859,0
0.2476096749305725,0
0.24094358086585999,0
0.3713620901107788,0
0.12032309174537659,0
0.13190656900405884,0
0.9674049019813538,1
0.08986796438694,0
0.14670497179031372,0
0.13582010567188263,0
0.1657639443874359,0
0.177446186542511,0
0.20584788918495178,0
0.13302412629127502,0
0.12837395071983337,0
0.1832173764705658,0
0.22713913023471832,0
0.1279897391796112,0
0.1565452218055725,0
0.11118803918361664,0
0.16463369131088257,0
0.1319287121295929,0
0.1672486811876297,0
0.26025229692459106,0
0.14428380131721497,0
0.12127205729484558,0
0.1224377304315567,0
0.9783671498298645,1
0.9537118077278137,0
0.23305413126945496,0
0.13863365352153778,0
0.2220660150051117,0
0.13044452667236328,0
0.14143714308738708,0
0.1250898838043213,0
0.1279238760471344,0
0.97417813539505,1
0.12274101376533508,0
0.13076724112033844,0
0.15630750358104706,0
0.13244809210300446,0
0.16075342893600464,0
0.1544489860534668,0
0.1373547464609146,0
0.16364482045173645,0
0.12772496044635773,0
0.14614999294281006,0
0.10701870173215866,0
0.258258581161499,0
0.1198103129863739,0
0.11098082363605499,0
0.13701628148555756,0
0.11617681384086609,0
0.21997258067131042,0
0.1393115073442459,0
0.1853107213973999,0
0.12170126289129257,0
0.0927150547504425,0
0.9750998020172119,1
0.12581127882003784,0
0.13447782397270203,0
0.14592286944389343,0
0.1186031922698021,0
0.21895602345466614,0
0.1518363505601883,0
0.16845513880252838,0
0.15852171182632446,0
0.12850841879844666,0
0.12156379967927933,0
0.16540992259979248,0
0.14779101312160492,0
0.18198102712631226,0
0.0998348817229271,0
0.18887487053871155,1
0.1347000002861023,0
0.15265467762947083,0
0.18369966745376587,1
0.11922086775302887,0
0.2478526085615158,0
0.21632567048072815,0
0.1673148274421692,0
0.14415191113948822,0
0.17060919106006622,0
0.15835000574588776,0
0.13945145905017853,0
0.13321267068386078,0
0.18957871198654175,0
0.10683043301105499,0
0.17718300223350525,0
0.168974369764328,0
0.12722548842430115,0
0.13308574259281158,0
0.15128286182880402,0
0.12418601661920547,0
0.1159120574593544,0
0.18610723316669464,0
0.1351960301399231,0
0.14175723493099213,0
0.14042092859745026,0
0.13806648552417755,0
0.13472332060337067,0
0.9754605889320374,1
0.1560886651277542,0
0.13963839411735535,0
0.6173078417778015,1
0.16331039369106293,0
0.13110117614269257,0
0.159071147441864,0
0.13223454356193542,0
0.28245648741722107,0
0.12874285876750946,0
0.9718149304389954,1
0.6293793320655823,0
0.1484852284193039,0
0.3204033076763153,0
0.1245257630944252,0
0.13926751911640167,0
0.14965681731700897,0
0.1373702436685562,0
0.14645302295684814,0
0.30564969778060913,0
0.11810588091611862,0
0.1401931345462799,0
0.13362517952919006,0
0.17379328608512878,0
0.1536983698606491,0
0.1000901609659195,0
0.13448554277420044,0
0.14352424442768097,0
0.13232187926769257,0
0.1564888060092926,0
0.13405781984329224,0
0.16882430016994476,0
0.11693403124809265,0
0.11491280049085617,0
0.5313857197761536,0
0.15633690357208252,0
0.12210964411497116,0
0.11938855797052383,0
0.12941494584083557,0
0.1335885226726532,0
0.15848153829574585,0
0.14817118644714355,0
0.15900744497776031,1
0.1709350347518921,0
0.13933038711547852,0
0.1569649577140808,0
0.14269351959228516,0
0.10880804806947708,0
0.13179704546928406,0
0.16030529141426086,0
0.29982808232307434,0
0.2733241021633148,0
0.1263195425271988,0
0.12597164511680603,0
0.13326163589954376,0
0.14373564720153809,0
0.12021782994270325,0
0.27971169352531433,0
0.976455807685852,1
0.1614859700202942,0
0.1863325834274292,0
0.20498709380626678,0
0.1028815433382988,0
0.15641137957572937,0
0.13024912774562836,0
0.14807230234146118,0
0.12643299996852875,0
0.12578719854354858,0
0.1362939029932022,0
0.9452931880950928,1
0.13214650750160217,0
0.13042953610420227,0
0.1556539535522461,0
0.1605960577726364,0
0.15670573711395264,0
0.16319464147090912,0
0.13330958783626556,0
0.2713721990585327,0
0.1535578817129135,0
0.13432036340236664,0
0.9832028150558472,1
0.1358116716146469,0
0.13053107261657715,0
0.9820484519004822,1
0.1440228968858719,0
0.13195422291755676,0
0.12833546102046967,0
0.21282754838466644,0
0.1542186439037323,0
0.1366974115371704,0
0.11966130137443542,0
0.13255664706230164,0
0.12409544736146927,0
0.12274584174156189,0
0.18084409832954407,0
0.19401857256889343,1
0.1488964706659317,0
0.15003179013729095,0
0.13331511616706848,0
0.18731056153774261,0
0.9425323605537415,1
0.13306421041488647,0
0.1334107518196106,0
0.14873242378234863,0
0.13040897250175476,0
0.14573980867862701,0
0.16207747161388397,0
0.1443895399570465,0
0.6416656374931335,0
0.14204896986484528,0
0.978010892868042,0
0.16796821355819702,0
0.31315797567367554,0
0.1518629640340805,0
0.1273450255393982,0
0.17205840349197388,0
0.1429329365491867,0
0.172789067029953,0
0.1346072554588318,0
0.1391107141971588,0
0.13051778078079224,0
0.13198287785053253,0
0.14553523063659668,0
0.13749705255031586,0
0.13191668689250946,0
0.9820980429649353,1
0.09645344316959381,0
0.11240621656179428,0
0.15312489867210388,0
0.10462373495101929,0
0.27559518814086914,0
0.5164312720298767,0
0.0999712273478508,0
0.17797985672950745,0
0.18070562183856964,0
0.15595388412475586,0
0.1397019922733307,0
0.13407057523727417,0
0.1377282291650772,0
0.9748339056968689,1
0.13573557138442993,0
0.14640766382217407,0
0.16549567878246307,0
0.9777481555938721,1
0.13379043340682983,0
0.1432138830423355,0
0.15764445066452026,0
0.19701063632965088,0
0.1415248066186905,0
0.11706619709730148,0
0.15419268608093262,0
0.16792075335979462,0
0.1382167935371399,0
0.19598591327667236,1
0.12509530782699585,0
0.1462882161140442,0
0.16197286546230316,0
0.37122097611427307,0
0.1405961960554123,0
0.13896134495735168,0
0.13826797902584076,0
0.1686774045228958,0
0.12774956226348877,0
0.15200693905353546,0
0.16156604886054993,0
0.1200152188539505,0
0.10541385412216187,0
0.12754611670970917,0
0.18773290514945984,0
0.9804867506027222,1
0.9798631072044373,1
0.14632219076156616,0
0.1388276368379593,0
0.15401652455329895,0
0.18675072491168976,0
0.11921370774507523,0
0.11467199772596359,0
0.1486188769340515,0
0.1193266287446022,0
0.13641613721847534,0
0.1272592544555664,0
0.1591896116733551,0
0.20044898986816406,0
0.1694013923406601,0
0.1448858678340912,0
0.1271752268075943,0
0.09679058939218521,0
0.1487356722354889,0
0.13476642966270447,0
0.1426878273487091,0
0.10727589577436447,0
0.12319315969944,0
0.14094649255275726,0
0.2692987322807312,0
0.14716342091560364,0
0.14899832010269165,0
0.19294996559619904,0
0.9771941900253296,1
0.13177967071533203,0
0.1188359186053276,0
0.14095661044120789,0
0.22665032744407654,0
0.14637711644172668,0
0.11937037110328674,0
0.1637231409549713,0
0.14980298280715942,0
0.12374749779701233,0
0.17157180607318878,0
0.13264019787311554,0
0.16177360713481903,0
0.30114278197288513,0
0.07070251554250717,0
0.11238981038331985,0
0.19415074586868286,0
0.1384807527065277,0
0.21347837150096893,0
0.1385563313961029,0
0.1402273178100586,0
0.1376076489686966,0
0.1502031534910202,0
0.17186284065246582,0
0.14247459173202515,0
0.1456543505191803,0
0.16162221133708954,0
0.1351967602968216,0
0.152681365609169,0
0.17049266397953033,0
0.3805772066116333,1
0.15389370918273926,0
0.9690732359886169,1
0.1334894746541977,0
0.15195904672145844,0
0.2265755832195282,0
0.18580415844917297,0
0.8413121104240417,1
0.10942184925079346,0
0.14685232937335968,0
0.13496729731559753,0
0.9351614713668823,0
0.9114126563072205,0
0.14608772099018097,0
0.1323791742324829,0
0.11991927772760391,0
0.13458405435085297,0
0.9878652095794678,1
0.14833150804042816,0
0.10951236635446548,0
0.17919480800628662,0
0.11960390955209732,0
0.19344092905521393,1
0.9723849892616272,1
0.3187370002269745,0
0.14399684965610504,0
0.15293845534324646,0
0.1429915726184845,0
0.97736656665802,1
0.1992398202419281,0
0.15856800973415375,0
0.13534195721149445,0
0.14508502185344696,0
0.17085179686546326,0
0.19306285679340363,1
0.13177840411663055,0
0.14996275305747986,0
0.15398867428302765,1
0.14804930984973907,0
0.13511711359024048,0
0.10798362642526627,0
0.21044620871543884,0
0.9775713086128235,1
0.16886867582798004,0
0.1576770395040512,1
0.15809275209903717,0
0.154371976852417,0
0.1320011019706726,0
0.1454271376132965,0
0.1553395390510559,0
0.11468593776226044,0
0.22934462130069733,0
0.12517550587654114,0
0.1458582878112793,0
0.12184645980596542,0
0.1496654450893402,0
0.14591483771800995,0
0.14362700283527374,0
0.16859351098537445,0
0.15553146600723267,0
0.17506182193756104,0
0.21558141708374023,0
0.154233917593956,0
0.1569996178150177,0
0.1426895260810852,0
0.10816770792007446,0
0.9836013913154602,0
0.13909493386745453,0
0.14726801216602325,0
0.9891859889030457,1
0.1375843584537506,0
0.1285947859287262,0
0.9678676128387451,0
0.19257129728794098,1
0.5712836384773254,0
0.1302672177553177,0
0.13401487469673157,0
0.15264971554279327,0
0.12601694464683533,0
0.11519069969654083,0
0.11956381797790527,0
0.1597243994474411,0
0.1688147336244583,0
0.14286038279533386,0
0.10947591811418533,0
0.1243385598063469,0
0.1716875582933426,0
0.1375756561756134,0
0.9743679761886597,1
0.15797805786132812,0
0.16439288854599,0
0.13608266413211823,0
0.10373815149068832,0
0.17976753413677216,0
0.1479940116405487,0
0.12401992827653885,0
0.1487690657377243,0
0.18274109065532684,0
0.167820006608963,0
0.14685431122779846,0
0.14285863935947418,0
0.975340723991394,1
0.14490774273872375,0
0.12740172445774078,0
0.6257412433624268,0
0.15152966976165771,0
0.13944798707962036,0
0.1343693882226944,0
0.12442975491285324,0
0.10384547710418701,0
0.16510282456874847,0
0.19192099571228027,0
0.13690635561943054,0
0.1389087736606598,0
0.14493174850940704,0
0.4058530032634735,1
0.1448262631893158,0
0.18041817843914032,0
0.1701894849538803,0
0.18756474554538727,0
0.18953447043895721,0
0.18595264852046967,0
0.9848978519439697,1
0.1434342861175537,0
0.13805745542049408,0
0.9858870506286621,1
0.1751132607460022,0
0.32954347133636475,0
0.1602146327495575,0
0.13168253004550934,0
0.12791334092617035,0
0.24199548363685608,0
0.1302454173564911,0
0.11797896027565002,0
0.1486080437898636,0
0.2700558006763458,0
0.22924110293388367,0
0.13218039274215698,0
0.14543463289737701,0
0.2027748078107834,0
0.14995165169239044,0
0.1866064965724945,0
0.1294689178466797,0
0.14342209696769714,0
0.14837907254695892,0
0.9810442328453064,1
0.14616768062114716,0
0.13661207258701324,0
0.12467795610427856,0
0.15902015566825867,0
0.15264678001403809,0
0.1290246993303299,0
0.17472679913043976,0
0.9745089411735535,1
0.39027518033981323,0
0.12892067432403564,0
0.1143890991806984,0
0.17195165157318115,0
0.1444258987903595,0
0.15517672896385193,0
0.9877573847770691,1
0.11846698075532913,0
0.2173522263765335,0
0.08370012789964676,0
0.17114852368831635,0
0.1736198216676712,0
0.14132696390151978,0
0.14094261825084686,0
0.1380726397037506,0
0.968218982219696,1
0.11254759132862091,0
0.14735056459903717,0
0.13797833025455475,0
0.13098616898059845,0
0.16078568994998932,0
0.9675965905189514,1
0.9679393768310547,1
0.07070885598659515,0
0.15185391902923584,0
0.14928986132144928,0
0.14422735571861267,0
0.0881078839302063,0
0.12157663702964783,0
0.9788107872009277,0
0.1679842472076416,0
0.1257753223180771,0
0.19714607298374176,0
0.12320331484079361,0
0.17435863614082336,0
0.08948787301778793,0
0.12104247510433197,0
0.4604499638080597,0
0.15335142612457275,0
0.14918798208236694,0
0.1364305466413498,0
0.39627358317375183,0
0.1482102870941162,0
0.14403021335601807,0
0.15390311181545258,0
0.14544248580932617,0
0.20541520416736603,0
0.15370607376098633,0
0.15501545369625092,0
0.16404326260089874,0
0.16927896440029144,1
0.16342313587665558,0
0.1621340960264206,0
0.16333387792110443,0
0.15962404012680054,0
0.1356492042541504,0
0.2637917697429657,0
0.12944857776165009,1
0.11749482899904251,0
0.1429223269224167,0
0.11735996603965759,0
0.15175949037075043,0
0.15215428173542023,0
0.3163435161113739,0
0.14475266635417938,0
0.1493932604789734,0
0.16042107343673706,0
0.9839692711830139,1
0.37418580055236816,0
0.1841723918914795,0
0.13423468172550201,0
0.18037015199661255,0
0.14012791216373444,0
0.27135002613067627,0
0.152378112077713,0
0.12264500558376312,0
0.16690512001514435,0
0.14149464666843414,0
0.13281278312206268,0
0.5309541821479797,0
0.13563460111618042,0
0.1589299589395523,0
0.15307709574699402,0
0.17619316279888153,0
0.11927548795938492,0
0.17563267052173615,0
0.14469031989574432,0
0.1434740126132965,0
0.14702296257019043,0
0.1376381665468216,0
0.10070967674255371,0
0.13406524062156677,0
0.18533357977867126,0
0.4601929485797882,1
0.13672024011611938,0
0.12486524879932404,0
0.16083703935146332,0
0.13851004838943481,0
0.7755446434020996,0
0.9739492535591125,1
